KINO1
gen=2026-10-08T12:50
d0=2026-10-08
d1=2026-10-09
C|ABC Kino
C|Arena Filmtheater
C|ARRI-Kino
C|astor@CINEMA LOUNGE
C|Cadillac Veranda Kino
C|Cincinnati Kino
C|Cinema Filmtheater
C|CinemaxX
C|City Kino
C|Filmmuseum
C|Gloria-Palast
C|Leopold Kino
C|Mathäser Filmpalast
C|Monopol Kino
C|Museum Lichtspiele
C|Neues Maxim Kino
C|Neues Rex Filmtheater
C|Neues Rottmann Kino
C|Omaha Film
C|Rio Filmpalast
C|Royal Filmpalast
C|Studio Isabella
C|Theatiner Film
C|Werkstattkino
F|8 - 14 oktober 2026 21. UNDER|DOX internationales filmfestival für dokument und experiment werkstattkino|filmmuseum|theatiner|villa stuck underdox-festival.de|255
F|Adams Acht|12
F|Albrecht Weinberg - Es ist immer in meinem Kopf|12
F|Alte Liebe|6
F|Archivio Aperto|255
F|Bad Apples|16
F|Bibi Blocksberg - Die total verhexte Zeitreise|0
F|Bruno - Der junge Kreisky|12
F|Camouflage|12
F|Camouflage Premiere mit Gespräch am 8.10. im Monopol|12
F|Corpus Delicti|255
F|Coyote vs. ACME|6
F|Das geträumte Abenteuer|12
F|Das gewisse Etwas|6
F|Die Odyssee|12
F|Die vergessene Insel|12
F|Digger|12
F|Drishyam 3|255
F|Eine Krankheit wie ein Gedicht|12
F|Eiserne Wildnis - Heart of the Beast|12
F|Emil und die Detektive|6
F|Everything Else Is Noise|255
F|Frau Winkler verlässt das Haus|12
F|Frost ohne Schnee und Eis|6
F|Gentle Monster|16
F|Heart of Light|255
F|Heart of Light: Eleven Songs for Fiji|255
F|Hope|16
F|IL BENE COMUNE - Cinema!Italia!|255
F|Insidious: Out of the Further|16
F|Linkin Park: Unshatter|12
F|Lügen über meine Mutter|12
F|Meeting the Buddha|6
F|Minions & Monster|6
F|Naza|16
F|Obsession - Du sollst mich lieben|16
F|Parasite|16
F|Paw Patrol: Der Dino Film|0
F|Practical Magic 2 - Zauberhafte Schwestern|12
F|Pressure|12
F|Primetime|12
F|Promised Spaces|255
F|Resident Evil|16
F|Shaun das Schaf - Spuk im Kürbisfeld|0
F|Siblings|255
F|Spa Weekend|12
F|Spaziergang nach Syrakus|6
F|Spider-Man: Brand New Day|12
F|Staatsschutz|12
F|Steckerlfischfiasko|12
F|The Invite|12
F|The Rocky Horror Picture Show|12
F|The Social Reckoning|12
F|Toy Story 5|0
F|Under|dox: Afterlives|255
F|Under|dox: Auslandsreise|255
F|Under|dox: Keine Freigabe - Hidden Tracks of a Label History|255
F|Vaterland|0
F|Verity - Dunkle Geheimnisse|12
F|Von Scham und Geld|12
F|Watching People Watching Birds|0
F|Über Unterbiberger - Vom Woid in die Welt|0
S|0|10|3|750|0
S|0|12|20|780|0
S|0|12|47|795|0
S|0|2|57|810|0
S|0|12|15|810|0
S|0|12|53|810|0
S|0|0|3|825|0
S|0|11|6|825|0
S|0|11|57|825|0
S|0|20|15|825|4
S|0|19|43|830|0
S|0|11|43|840|0
S|0|12|58|840|0
S|0|14|6|840|0
S|0|14|15|840|1
S|0|19|22|840|0
S|0|20|43|840|0
S|0|2|58|855|0
S|0|12|6|855|0
S|0|20|11|855|0
S|0|20|58|855|0
S|0|7|37|870|0
S|0|7|43|870|0
S|0|7|58|870|0
S|0|12|11|870|0
S|0|14|20|870|0
S|0|14|43|870|1
S|0|7|6|885|0
S|0|7|15|885|0
S|0|7|19|885|0
S|0|2|10|900|0
S|0|8|3|900|0
S|0|8|57|900|0
S|0|12|33|900|0
S|0|12|49|900|0
S|0|7|20|915|0
S|0|8|22|915|0
S|0|8|16|920|0
S|0|2|31|930|0
S|0|11|1|930|0
S|0|12|43|930|0
S|0|19|3|940|0
S|0|12|6|945|0
S|0|14|38|945|1
S|0|11|20|950|0
S|0|0|22|960|0
S|0|10|58|960|0
S|0|11|43|960|0
S|0|12|20|960|0
S|0|13|23|960|0
S|0|14|15|960|1
S|0|21|57|960|0
S|0|15|60|970|0
S|0|1|50|975|2
S|0|22|57|975|0
S|0|1|24|980|0
S|0|13|39|980|2
S|0|15|7|980|0
S|0|19|61|980|0
S|0|12|15|990|0
S|0|12|47|990|0
S|0|12|58|990|0
S|0|14|43|990|1
S|0|20|15|990|0
S|0|20|43|990|0
S|0|7|10|1005|0
S|0|7|58|1005|0
S|0|12|11|1005|0
S|0|13|48|1005|0
S|0|14|14|1005|1
S|0|2|58|1020|0
S|0|6|27|1020|0
S|0|7|47|1020|0
S|0|8|57|1020|0
S|0|12|52|1020|0
S|0|20|58|1020|0
S|0|12|13|1030|0
S|0|7|52|1035|0
S|0|20|52|1035|0
S|0|8|22|1040|0
S|0|7|15|1050|4
S|0|7|43|1050|0
S|0|12|16|1050|0
S|0|12|19|1050|0
S|0|13|11|1050|2
S|0|8|3|1060|0
S|0|2|31|1065|0
S|0|4|15|1065|0
S|0|7|42|1065|0
S|0|12|43|1065|0
S|0|18|3|1065|0
S|0|8|52|1070|0
S|0|11|22|1070|0
S|0|2|16|1080|0
S|0|3|45|1080|0
S|0|4|6|1080|0
S|0|11|31|1080|0
S|0|13|52|1080|2
S|0|16|22|1080|0
S|0|17|13|1080|0
S|0|18|22|1080|0
S|0|19|57|1080|0
S|0|21|3|1080|0
S|0|14|40|1085|1
S|0|11|40|1090|2
S|0|14|52|1090|1
S|0|15|3|1090|0
S|0|19|22|1090|0
S|0|5|57|1095|0
S|0|8|50|1095|0
S|0|12|10|1095|0
S|0|16|57|1095|0
S|0|22|44|1095|0
S|0|0|57|1100|0
S|0|13|40|1100|2
S|0|1|57|1110|0
S|0|12|58|1110|0
S|0|14|43|1110|1
S|0|1|31|1120|0
S|0|15|57|1125|0
S|0|8|57|1140|0
S|0|9|21|1140|0
S|0|13|18|1140|0
S|0|20|16|1140|0
S|0|12|15|1155|4
S|0|7|14|1170|0
S|0|10|14|1170|0
S|0|12|14|1170|0
S|0|12|40|1170|0
S|0|12|58|1170|0
S|0|20|52|1170|0
S|0|7|52|1185|0
S|0|7|58|1185|0
S|0|12|19|1185|0
S|0|12|52|1185|0
S|0|13|27|1185|2
S|0|2|14|1200|0
S|0|7|16|1200|0
S|0|8|27|1200|0
S|0|12|47|1200|0
S|0|12|58|1200|0
S|0|14|19|1200|1
S|0|19|3|1200|0
S|0|20|58|1200|0
S|0|23|25|1200|0
S|0|23|26|1200|0
S|0|0|3|1215|0
S|0|1|16|1215|2
S|0|4|42|1215|0
S|0|4|49|1215|0
S|0|5|13|1215|0
S|0|7|19|1215|0
S|0|7|42|1215|0
S|0|7|58|1215|0
S|0|8|3|1215|0
S|0|11|30|1215|2
S|0|11|31|1215|0
S|0|12|14|1215|0
S|0|12|16|1215|0
S|0|13|8|1215|2
S|0|14|52|1215|1
S|0|16|46|1215|0
S|0|17|1|1215|0
S|0|18|16|1215|0
S|0|20|40|1215|0
S|0|22|60|1215|0
S|0|15|31|1220|0
S|0|2|58|1230|0
S|0|3|45|1230|0
S|0|6|52|1230|0
S|0|8|16|1230|0
S|0|11|16|1230|2
S|0|12|42|1230|0
S|0|13|16|1230|2
S|0|14|16|1230|1
S|0|14|58|1230|1
S|0|15|13|1230|0
S|0|16|13|1230|0
S|0|18|31|1230|0
S|0|21|57|1230|0
S|0|19|10|1240|0
S|0|1|5|1245|2
S|0|2|10|1245|0
S|0|8|40|1245|0
S|0|12|42|1245|0
S|0|13|52|1245|2
S|0|8|52|1260|0
S|0|12|27|1290|0
S|0|12|42|1320|0
S|0|12|35|1335|0
S|0|12|29|1350|0
S|1|10|3|750|0
S|1|12|20|780|0
S|1|12|47|795|0
S|1|12|15|810|0
S|1|12|53|810|0
S|1|0|3|825|0
S|1|2|58|825|0
S|1|11|6|825|0
S|1|11|57|825|0
S|1|20|15|825|4
S|1|2|31|840|0
S|1|11|43|840|0
S|1|12|58|840|0
S|1|14|6|840|0
S|1|14|15|840|1
S|1|20|43|840|0
S|1|19|43|850|0
S|1|12|6|855|0
S|1|20|11|855|0
S|1|20|58|855|0
S|1|7|6|870|0
S|1|7|15|870|0
S|1|7|37|870|0
S|1|12|11|870|0
S|1|14|20|870|0
S|1|14|43|870|1
S|1|8|22|880|0
S|1|7|19|885|0
S|1|2|10|900|0
S|1|6|16|900|0
S|1|7|58|900|0
S|1|8|3|900|0
S|1|8|57|900|0
S|1|12|33|900|0
S|1|12|49|900|0
S|1|19|32|900|2
S|1|4|15|915|0
S|1|7|20|915|0
S|1|7|43|915|0
S|1|8|16|920|0
S|1|4|6|930|0
S|1|11|46|930|0
S|1|12|43|930|0
S|1|18|20|930|0
S|1|8|34|945|0
S|1|12|6|945|0
S|1|14|11|945|1
S|1|16|20|945|0
S|1|18|6|945|0
S|1|11|20|950|0
S|1|15|31|950|0
S|1|0|22|960|0
S|1|2|14|960|0
S|1|10|14|960|0
S|1|11|43|960|0
S|1|12|14|960|0
S|1|14|15|960|1
S|1|15|57|960|0
S|1|16|6|960|0
S|1|19|3|960|0
S|1|21|3|960|0
S|1|2|31|975|0
S|1|22|2|975|0
S|1|7|16|990|0
S|1|12|15|990|4
S|1|12|47|990|0
S|1|12|58|990|0
S|1|13|34|990|2
S|1|14|43|990|1
S|1|20|15|990|0
S|1|20|43|990|0
S|1|13|18|1000|0
S|1|1|57|1005|0
S|1|7|47|1005|0
S|1|12|11|1005|0
S|1|13|52|1005|2
S|1|14|47|1005|1
S|1|1|34|1020|0
S|1|8|57|1020|0
S|1|12|52|1020|0
S|1|20|58|1020|0
S|1|12|13|1030|0
S|1|7|15|1035|4
S|1|7|52|1035|0
S|1|12|52|1035|0
S|1|13|59|1035|2
S|1|20|52|1035|0
S|1|8|22|1040|0
S|1|7|58|1050|0
S|1|12|16|1050|0
S|1|12|19|1050|0
S|1|8|3|1060|0
S|1|2|58|1065|0
S|1|4|15|1065|0
S|1|6|52|1065|0
S|1|7|30|1065|0
S|1|7|43|1065|0
S|1|12|43|1065|0
S|1|18|3|1065|0
S|1|8|52|1070|0
S|1|11|22|1070|0
S|1|15|3|1070|0
S|1|3|45|1080|0
S|1|4|6|1080|0
S|1|9|4|1080|0
S|1|11|31|1080|0
S|1|15|1|1080|0
S|1|16|22|1080|0
S|1|18|22|1080|0
S|1|19|57|1080|0
S|1|23|0|1080|0
S|1|23|54|1080|0
S|1|14|40|1085|1
S|1|11|49|1090|0
S|1|14|58|1090|1
S|1|5|57|1095|0
S|1|8|50|1095|0
S|1|12|10|1095|0
S|1|16|57|1095|0
S|1|17|57|1095|0
S|1|22|28|1095|0
S|1|0|57|1100|0
S|1|13|9|1100|2
S|1|19|22|1100|0
S|1|1|5|1110|2
S|1|13|16|1110|2
S|1|14|43|1110|1
S|1|21|60|1110|2
S|1|1|31|1120|0
S|1|2|10|1125|0
S|1|8|57|1140|0
S|1|13|34|1140|2
S|1|20|16|1140|0
S|1|23|0|1150|0
S|1|12|15|1155|0
S|1|7|14|1170|0
S|1|12|40|1170|0
S|1|12|58|1170|0
S|1|20|52|1170|0
S|1|12|19|1185|0
S|1|12|52|1185|0
S|1|2|14|1200|0
S|1|7|10|1200|0
S|1|7|16|1200|0
S|1|7|42|1200|0
S|1|8|27|1200|0
S|1|12|19|1200|0
S|1|12|47|1200|0
S|1|12|58|1200|0
S|1|13|27|1200|2
S|1|14|19|1200|1
S|1|15|36|1200|2
S|1|19|3|1200|0
S|1|20|58|1200|0
S|1|23|0|1200|0
S|1|23|55|1200|0
S|1|23|0|1210|0
S|1|0|3|1215|0
S|1|4|13|1215|0
S|1|4|49|1215|0
S|1|5|49|1215|0
S|1|7|19|1215|0
S|1|7|52|1215|0
S|1|8|3|1215|0
S|1|11|1|1215|0
S|1|11|31|1215|0
S|1|12|14|1215|0
S|1|14|52|1215|1
S|1|16|49|1215|0
S|1|17|13|1215|0
S|1|18|16|1215|0
S|1|20|40|1215|0
S|1|1|16|1230|2
S|1|2|58|1230|0
S|1|3|45|1230|0
S|1|6|42|1230|0
S|1|7|58|1230|0
S|1|8|16|1230|0
S|1|10|58|1230|0
S|1|11|16|1230|0
S|1|12|16|1230|0
S|1|12|42|1230|0
S|1|13|40|1230|2
S|1|14|16|1230|1
S|1|14|58|1230|1
S|1|15|31|1230|0
S|1|16|1|1230|0
S|1|18|31|1230|0
S|1|21|34|1230|2
S|1|22|12|1230|0
S|1|19|10|1240|0
S|1|1|34|1245|2
S|1|8|40|1245|0
S|1|12|42|1245|0
S|1|13|52|1245|2
S|1|2|16|1260|0
S|1|8|52|1260|0
S|1|9|41|1260|0
S|1|13|42|1260|2
S|1|12|27|1290|0
S|1|12|42|1320|0
S|1|12|35|1335|0
S|1|14|16|1335|1
S|1|7|17|1350|0
S|1|12|29|1350|0
S|1|12|58|1350|0
S|1|23|56|1350|0
S|1|7|10|1365|0
S|1|14|52|1365|1
S|1|7|42|1380|0
S|1|7|52|1380|0
S|1|7|58|1380|0
S|1|14|51|1380|1
S|1|14|58|1380|1
S|1|7|29|1395|0
